12.6
6.9
24.6
10.9
27.8
20.6
19.0
12.8
5.1
12.0
7.5
8.5
20.5
20.8
21.7
20.5
28.1
22.4
16.1
16.5
19.0
15.3
15.7
17.6
14.2
4.6
8.5
22.4
4.7
9.4
12.3
6.5
13.4
20.9
31.1
38.2
23.6
27.5
33.8
31.3
33.1
31.7
30.4
30.8
8.4
14.1
11.2
6.4
13.4
5.0
10.7
7.4
8.7
7.1
4.9
22.2
20.1
27.1
30.4
24.0
25.4
28.8
29.6
25.1
31.0
28.9
21.1
14.0
7.1
13.2
23.7
9.4
9.1
13.7
12.0
18.3
9.2
21.7
21.1
18.6
30.2
26.0
18.2
26.2
26.1
25.8
15.0
22.6
8.8
14.3
20.2
18.1
9.2
24.2
9.6
17.3
10.1
11.1
17.7
21.7
20.8
20.1
19.8
21.9
24.7
17.8
19.1
18.2
17.2
21.0
19.5
27.1
21.6
20.9
25.9
16.7
19.8
14.1
25.1
17.9
27.0
24.6
14.8
16.0
14.0
17.4
26.4
17.4
20.4
15.0
18.0
22.2
23.1
25.3
23.8
26.3
21.4
28.4
21.8
20.1
24.3
18.1
22.7
9.9
10.8
14.4
19.0
28.6
6.1
24.5
9.9
19.1
10.6
16.5
20.5
17.2
30.1
10.5
12.8
22.0
9.9
14.8
13.3
15.2
26.5
19.0
21.4
20.0
34.7
16.5
4.1
1.9
20.2
16.8
24.6
10.4
13.4
28.8
22.0
16.8
25.8
0.0
11.9
12.4
17.4
9.2
23.0
20.1
20.2
23.8
11.8
36.5
16.0
24.0
22.3
24.8
21.5
17.6
7.3
22.6
12.5
21.7
27.7
6.8
33.4
16.6
31.7
31.5
10.1
11.3
7.8
26.4
19.3
18.5
19.3
45.1
13.8
8.2
23.9
15.1
12.7
25.3
11.9
6.1
11.3
12.8
14.9
24.5
15.0
16.9
11.1
16.1
15.5
25.9
25.5
18.4
24.0
26.4
12.7
28.8
17.0
33.6
29.3
31.4
28.1
15.3
29.1
11.5
32.3
28.3
25.3
30.7